3.65
1.40
1.10
0.91
0.64
0.81
0.73
1.18
5.88
1.18
0.73
1.48
0.54
1.10
0.46
2.26
1.48
1.07
2.79
0.03
1.45
0.97
0.46
0.64
1.67
0.32
1.10
0.38
0.48
0.38
0.38
0.70
0.38
0.54
1.91
0.35
1.37
0.46
0.43
0.86
0.35
0.81
1.40
0.13
0.89
0.64
0.30
0.70
0.89
0.75
0.32
0.89
0.24
0.75
0.59
1.18
2.31
0.38
0.97
0.43
0.86
1.58
0.54
0.43
0.27
0.16
0.48
1.29
0.81
0.70
0.51
0.03
0.75
0.91
0.46
0.67
0.56
0.73
0.91
0.40
1.05
0.51
3.54
1.91
1.67
0.78
0.54
0.46
0.97
0.40
1.64
1.37
0.73
1.72
0.78
1.26
1.13
0.78
0.46
0.38
1.15
0.40
0.64
0.40
0.05
0.51
0.24
0.59
0.30
0.27
0.54
0.40
0.35
0.43
0.97
0.35
0.19
